[ 0.          0.35820434 15.32668782  1.16810863  0.73789204  4.00435452
  0.52346905  0.58894685  0.82395922  1.16810863  1.33309662  0.92119912
  0.73789204  1.16810863  1.16810863 15.32668782  0.35820434  0.
 15.32668782  1.33309662  0.52346905  1.8319603   0.82395922  0.92119912
  0.92119912  1.33309662  1.03612938  1.53867525  0.82395922  1.16810863
  0.92119912 15.32668782 15.32668782 15.32668782  0.         15.32668782
 15.32668782 15.32668782 15.32668782 15.32668782 15.32668782 15.32668782
 15.32668782 15.32668782 15.32668782 15.32668782 15.32668782 15.32668782
  1.16810863  1.33309662 15.32668782  0.          1.8319603  15.32668782
  1.8319603  15.32668782  2.30284186  1.8319603  15.32668782  2.30284186
  1.53867525 15.32668782 15.32668782 15.32668782  0.73789204  0.52346905
 15.32668782  1.8319603   0.          1.8319603   1.8319603   1.33309662
  1.53867525  1.53867525  1.33309662  4.00435452  1.33309662  2.30284186
  1.16810863 15.32668782  4.00435452  1.8319603  15.32668782 15.32668782
  1.8319603   0.         15.32668782 15.32668782 15.32668782 15.32668782
 15.32668782 15.32668782  4.00435452 15.32668782 15.32668782 15.32668782
  0.52346905  0.82395922 15.32668782  1.8319603   1.8319603  15.32668782
  0.          0.92119912  1.53867525  1.8319603   1.8319603   1.16810863
  1.33309662  1.53867525  1.8319603  15.32668782  0.58894685  0.92119912
 15.32668782 15.32668782  1.33309662 15.32668782  0.92119912  0.
  1.53867525  1.8319603   1.8319603   1.16810863  1.33309662  1.53867525
  1.53867525  4.00435452  0.82395922  0.92119912 15.32668782  2.30284186
  1.53867525 15.32668782  1.53867525  1.53867525  0.          2.30284186
  4.00435452  2.30284186  0.46473669  0.65876467  2.30284186 15.32668782
  1.16810863  1.33309662 15.32668782  1.8319603   1.53867525 15.32668782
  1.8319603   1.8319603   2.30284186  0.          1.53867525  4.00435452
  1.53867525  4.00435452  1.33309662 15.32668782  1.33309662  1.03612938
 15.32668782 15.32668782  1.33309662 15.32668782  1.8319603   1.8319603
  4.00435452  1.53867525  0.         15.32668782  2.30284186  4.00435452
  0.73789204 15.32668782  0.92119912  1.53867525 15.32668782  2.30284186
  4.00435452 15.32668782  1.16810863  1.16810863  2.30284186  4.00435452
 15.32668782  0.          1.8319603  15.32668782  4.00435452  2.30284186
  0.73789204  0.82395922 15.32668782  1.53867525  1.33309662  4.00435452
  1.33309662  1.33309662  0.46473669  1.53867525  2.30284186  1.8319603
  0.          0.73789204  1.8319603   4.00435452  1.16810863  1.16810863
 15.32668782 15.32668782  2.30284186 15.32668782  1.53867525  1.53867525
  0.65876467  4.00435452  4.00435452 15.32668782  0.73789204  0.
  2.30284186 15.32668782  1.16810863  0.92119912 15.32668782 15.32668782
  1.16810863 15.32668782  1.8319603   1.53867525  2.30284186  1.33309662
  0.73789204  4.00435452  1.8319603   2.30284186  0.          2.30284186
 15.32668782 15.32668782 15.32668782 15.32668782 15.32668782 15.32668782
 15.32668782  4.00435452 15.32668782 15.32668782 15.32668782  2.30284186
  4.00435452 15.32668782  2.30284186  0.        ]